$ 1 0.0000049999999999999996 159.55918304990493 43 5 43 5e-11
R 464 240 432 240 0 1 50 0.02 1.65 0 0.5
a 544 224 624 224 9 5 0 1000000 1.6500101423771854 1.65 100000
a 704 208 784 208 9 5 0 1000000 1.6500002880967868 1.65 100000
r 544 288 624 288 0 1000000
w 624 288 624 224 0
w 544 288 544 240 0
r 544 240 464 240 0 100000
r 432 32 432 96 0 75000
r 432 96 432 160 0 75000
g 432 160 432 176 0 0
R 432 32 432 0 0 0 40 3.3 0 0 0.5
w 432 96 544 96 0
w 544 96 544 208 0
w 544 96 704 96 0
w 704 96 704 192 0
w 784 208 880 208 0
r 704 272 784 272 0 1000000
w 704 272 704 224 0
w 784 272 784 208 0
x 202 216 323 219 4 24 Vmax:\s20m
x 202 248 384 251 4 24 Max(Vmax):\s30m
x 410 291 522 294 4 24 Zin\s\q\s100k
x 749 171 864 174 4 24 Zout\s\q\s170
x 896 215 966 218 4 24 ADC\s0
g 1184 80 1184 96 0 0
r 1104 80 1184 80 0 18
g 1024 128 1024 144 0 0
34 zener-3.9 1 1.7143528192810002e-7 0 2.0000000000000084 3.9 1
z 1024 128 1024 64 2 zener-3.9
x 1112 48 1166 51 4 24 Z_eq
R 1024 0 992 0 0 0 40 5 0 0 0.5
r 1024 0 1024 64 0 47
t 1024 64 1072 64 0 1 -1.0630613373300966 0.7293619581589419 100 default
w 1024 0 1072 0 0
w 1072 0 1072 48 0
c 1104 80 1104 128 0 0.00009999999999999999 3.2075767045109616 0.001
g 1104 128 1104 144 0 0
w 1104 80 1072 80 0
r 704 224 624 224 0 200000
o 0 64 0 20747 2.5 0.00009765625 0 1
o 4 128 0 x4710b 0.19994680244765267 0.0001 1 1 1
o 15 128 0 x4710b 0.9996740309722212 0.0001 2 1 1
o 15 128 0 20747 10 0.00009765625 3 1
38 16 F1 0 0 10000 -1 Resistance
