$ 1 0.0000049999999999999996 159.55918304990493 43 5 43 5e-11
R 560 224 528 224 0 1 50 0.02 1.65 0 0.5
a 640 208 720 208 9 5 0 1000000 1.6500069702902633 1.65 100000
a 800 192 880 192 9 5 0 1000000 1.6500161475798278 1.65 100000
r 640 272 720 272 0 1000000
w 720 272 720 208 0
w 640 272 640 224 0
r 640 224 560 224 0 100000
r 528 16 528 80 0 75000
r 528 80 528 144 0 75000
g 528 144 528 160 0 0
R 528 16 528 -16 0 0 40 3.3 0 0 0.5
w 528 80 640 80 0
w 640 80 640 192 0
w 640 80 800 80 0
w 800 80 800 176 0
w 880 192 976 192 0
r 800 256 880 256 0 1000000
w 800 256 800 208 0
w 880 256 880 192 0
x 298 200 419 203 4 24 Vmax:\s20m
x 298 232 480 235 4 24 Max(Vmax):\s30m
x 506 275 618 278 4 24 Zin\s\q\s100k
x 845 155 960 158 4 24 Zout\s\q\s170
x 992 199 1062 202 4 24 ADC\s0
r 800 208 720 208 0 200000
o 0 64 0 20747 2.5 0.00009765625 0 1
o 4 128 0 x4710b 0.19996985266053624 0.0001 1 1 1
o 15 128 0 x4710b 0.9997878984762932 0.0001 2 1 1
o 15 128 0 20747 10 0.00009765625 3 1
38 16 F1 0 0 10000 -1 Resistance
